(kicad_pcb (version 20171130) (host pcbnew 5.1.10-88a1d61d58~88~ubuntu18.04.1)

  (general
    (thickness 1.6)
    (drawings 6)
    (tracks 76)
    (zones 0)
    (modules 31)
    (nets 14)
  )

  (page A4)
  (title_block
    (title Si5351Filter)
    (date 2021-08-19)
    (rev 0.1)
    (company generationmake)
  )

  (layers
    (0 F.Cu signal)
    (31 B.Cu signal)
    (32 B.Adhes user)
    (33 F.Adhes user)
    (34 B.Paste user)
    (35 F.Paste user)
    (36 B.SilkS user)
    (37 F.SilkS user)
    (38 B.Mask user)
    (39 F.Mask user)
    (40 Dwgs.User user)
    (41 Cmts.User user)
    (42 Eco1.User user)
    (43 Eco2.User user)
    (44 Edge.Cuts user)
    (45 Margin user)
    (46 B.CrtYd user)
    (47 F.CrtYd user)
    (48 B.Fab user)
    (49 F.Fab user)
  )

  (setup
    (last_trace_width 1)
    (user_trace_width 1)
    (trace_clearance 0.2)
    (zone_clearance 1.8)
    (zone_45_only no)
    (trace_min 0.2)
    (via_size 0.8)
    (via_drill 0.4)
    (via_min_size 0.4)
    (via_min_drill 0.3)
    (uvia_size 0.3)
    (uvia_drill 0.1)
    (uvias_allowed no)
    (uvia_min_size 0.2)
    (uvia_min_drill 0.1)
    (edge_width 0.05)
    (segment_width 0.2)
    (pcb_text_width 0.3)
    (pcb_text_size 1.5 1.5)
    (mod_edge_width 0.12)
    (mod_text_size 1 1)
    (mod_text_width 0.15)
    (pad_size 1.524 1.524)
    (pad_drill 0.762)
    (pad_to_mask_clearance 0)
    (aux_axis_origin 0 0)
    (visible_elements FFFFFF7F)
    (pcbplotparams
      (layerselection 0x010fc_ffffffff)
      (usegerberextensions false)
      (usegerberattributes true)
      (usegerberadvancedattributes true)
      (creategerberjobfile true)
      (excludeedgelayer true)
      (linewidth 0.100000)
      (plotframeref false)
      (viasonmask false)
      (mode 1)
      (useauxorigin false)
      (hpglpennumber 1)
      (hpglpenspeed 20)
      (hpglpendiameter 15.000000)
      (psnegative false)
      (psa4output false)
      (plotreference true)
      (plotvalue true)
      (plotinvisibletext false)
      (padsonsilk false)
      (subtractmaskfromsilk false)
      (outputformat 1)
      (mirror false)
      (drillshape 1)
      (scaleselection 1)
      (outputdirectory ""))
  )

  (net 0 "")
  (net 1 "Net-(C1-Pad2)")
  (net 2 GND)
  (net 3 "Net-(C2-Pad2)")
  (net 4 "Net-(C3-Pad2)")
  (net 5 "Net-(C4-Pad2)")
  (net 6 "Net-(C5-Pad2)")
  (net 7 "Net-(C6-Pad2)")
  (net 8 "Net-(C7-Pad2)")
  (net 9 "Net-(C8-Pad2)")
  (net 10 "Net-(C9-Pad2)")
  (net 11 "Net-(C10-Pad2)")
  (net 12 "Net-(C11-Pad2)")
  (net 13 "Net-(C12-Pad2)")

  (net_class Default "This is the default net class."
    (clearance 0.2)
    (trace_width 0.25)
    (via_dia 0.8)
    (via_drill 0.4)
    (uvia_dia 0.3)
    (uvia_drill 0.1)
    (add_net GND)
    (add_net "Net-(C1-Pad2)")
    (add_net "Net-(C10-Pad2)")
    (add_net "Net-(C11-Pad2)")
    (add_net "Net-(C12-Pad2)")
    (add_net "Net-(C2-Pad2)")
    (add_net "Net-(C3-Pad2)")
    (add_net "Net-(C4-Pad2)")
    (add_net "Net-(C5-Pad2)")
    (add_net "Net-(C6-Pad2)")
    (add_net "Net-(C7-Pad2)")
    (add_net "Net-(C8-Pad2)")
    (add_net "Net-(C9-Pad2)")
  )

  (module capacitors:C_0603 (layer F.Cu) (tedit 5415D631) (tstamp 611D93B1)
    (at 108.5 134 270)
    (descr "Capacitor SMD 0603, reflow soldering, AVX (see smccp.pdf)")
    (tags "capacitor 0603")
    (path /601CD0CB)
    (attr smd)
    (fp_text reference C1 (at 0 -1.9 90) (layer F.SilkS)
      (effects (font (size 1 1) (thickness 0.15)))
    )
    (fp_text value "30 pF" (at 0 1.9 90) (layer F.Fab)
      (effects (font (size 1 1) (thickness 0.15)))
    )
    (fp_line (start -1.45 -0.75) (end 1.45 -0.75) (layer F.CrtYd) (width 0.05))
    (fp_line (start -1.45 0.75) (end 1.45 0.75) (layer F.CrtYd) (width 0.05))
    (fp_line (start -1.45 -0.75) (end -1.45 0.75) (layer F.CrtYd) (width 0.05))
    (fp_line (start 1.45 -0.75) (end 1.45 0.75) (layer F.CrtYd) (width 0.05))
    (fp_line (start -0.35 -0.6) (end 0.35 -0.6) (layer F.SilkS) (width 0.15))
    (fp_line (start 0.35 0.6) (end -0.35 0.6) (layer F.SilkS) (width 0.15))
    (pad 2 smd rect (at 0.75 0 270) (size 0.8 0.75) (layers F.Cu F.Paste F.Mask)
      (net 1 "Net-(C1-Pad2)"))
    (pad 1 smd rect (at -0.75 0 270) (size 0.8 0.75) (layers F.Cu F.Paste F.Mask)
      (net 2 GND))
    (model capacitors.3dshapes/C_0603.wrl
      (at (xyz 0 0 0))
      (scale (xyz 1 1 1))
      (rotate (xyz 0 0 0))
    )
  )

  (module capacitors:C_0603 (layer F.Cu) (tedit 5415D631) (tstamp 611D93BD)
    (at 120 131.5 90)
    (descr "Capacitor SMD 0603, reflow soldering, AVX (see smccp.pdf)")
    (tags "capacitor 0603")
    (path /601CD0DD)
    (attr smd)
    (fp_text reference C2 (at 3 0 90) (layer F.SilkS)
      (effects (font (size 1 1) (thickness 0.15)))
    )
    (fp_text value "47 pF" (at 0 1.9 90) (layer F.Fab)
      (effects (font (size 1 1) (thickness 0.15)))
    )
    (fp_line (start 0.35 0.6) (end -0.35 0.6) (layer F.SilkS) (width 0.15))
    (fp_line (start -0.35 -0.6) (end 0.35 -0.6) (layer F.SilkS) (width 0.15))
    (fp_line (start 1.45 -0.75) (end 1.45 0.75) (layer F.CrtYd) (width 0.05))
    (fp_line (start -1.45 -0.75) (end -1.45 0.75) (layer F.CrtYd) (width 0.05))
    (fp_line (start -1.45 0.75) (end 1.45 0.75) (layer F.CrtYd) (width 0.05))
    (fp_line (start -1.45 -0.75) (end 1.45 -0.75) (layer F.CrtYd) (width 0.05))
    (pad 1 smd rect (at -0.75 0 90) (size 0.8 0.75) (layers F.Cu F.Paste F.Mask)
      (net 2 GND))
    (pad 2 smd rect (at 0.75 0 90) (size 0.8 0.75) (layers F.Cu F.Paste F.Mask)
      (net 3 "Net-(C2-Pad2)"))
    (model capacitors.3dshapes/C_0603.wrl
      (at (xyz 0 0 0))
      (scale (xyz 1 1 1))
      (rotate (xyz 0 0 0))
    )
  )

  (module capacitors:C_0603 (layer F.Cu) (tedit 5415D631) (tstamp 611D93C9)
    (at 130 130 90)
    (descr "Capacitor SMD 0603, reflow soldering, AVX (see smccp.pdf)")
    (tags "capacitor 0603")
    (path /601CD0EF)
    (attr smd)
    (fp_text reference C3 (at 0 -1.9 90) (layer F.SilkS)
      (effects (font (size 1 1) (thickness 0.15)))
    )
    (fp_text value "47 pF" (at 0 1.9 90) (layer F.Fab)
      (effects (font (size 1 1) (thickness 0.15)))
    )
    (fp_line (start -1.45 -0.75) (end 1.45 -0.75) (layer F.CrtYd) (width 0.05))
    (fp_line (start -1.45 0.75) (end 1.45 0.75) (layer F.CrtYd) (width 0.05))
    (fp_line (start -1.45 -0.75) (end -1.45 0.75) (layer F.CrtYd) (width 0.05))
    (fp_line (start 1.45 -0.75) (end 1.45 0.75) (layer F.CrtYd) (width 0.05))
    (fp_line (start -0.35 -0.6) (end 0.35 -0.6) (layer F.SilkS) (width 0.15))
    (fp_line (start 0.35 0.6) (end -0.35 0.6) (layer F.SilkS) (width 0.15))
    (pad 2 smd rect (at 0.75 0 90) (size 0.8 0.75) (layers F.Cu F.Paste F.Mask)
      (net 4 "Net-(C3-Pad2)"))
    (pad 1 smd rect (at -0.75 0 90) (size 0.8 0.75) (layers F.Cu F.Paste F.Mask)
      (net 2 GND))
    (model capacitors.3dshapes/C_0603.wrl
      (at (xyz 0 0 0))
      (scale (xyz 1 1 1))
      (rotate (xyz 0 0 0))
    )
  )

  (module capacitors:C_0603 (layer F.Cu) (tedit 5415D631) (tstamp 611D93D5)
    (at 141.5 126 90)
    (descr "Capacitor SMD 0603, reflow soldering, AVX (see smccp.pdf)")
    (tags "capacitor 0603")
    (path /601CD101)
    (attr smd)
    (fp_text reference C4 (at 2.5 0 90) (layer F.SilkS)
      (effects (font (size 1 1) (thickness 0.15)))
    )
    (fp_text value "30 pF" (at 0 1.9 90) (layer F.Fab)
      (effects (font (size 1 1) (thickness 0.15)))
    )
    (fp_line (start -1.45 -0.75) (end 1.45 -0.75) (layer F.CrtYd) (width 0.05))
    (fp_line (start -1.45 0.75) (end 1.45 0.75) (layer F.CrtYd) (width 0.05))
    (fp_line (start -1.45 -0.75) (end -1.45 0.75) (layer F.CrtYd) (width 0.05))
    (fp_line (start 1.45 -0.75) (end 1.45 0.75) (layer F.CrtYd) (width 0.05))
    (fp_line (start -0.35 -0.6) (end 0.35 -0.6) (layer F.SilkS) (width 0.15))
    (fp_line (start 0.35 0.6) (end -0.35 0.6) (layer F.SilkS) (width 0.15))
    (pad 2 smd rect (at 0.75 0 90) (size 0.8 0.75) (layers F.Cu F.Paste F.Mask)
      (net 5 "Net-(C4-Pad2)"))
    (pad 1 smd rect (at -0.75 0 90) (size 0.8 0.75) (layers F.Cu F.Paste F.Mask)
      (net 2 GND))
    (model capacitors.3dshapes/C_0603.wrl
      (at (xyz 0 0 0))
      (scale (xyz 1 1 1))
      (rotate (xyz 0 0 0))
    )
  )

  (module capacitors:C_0603 (layer F.Cu) (tedit 5415D631) (tstamp 611D93E1)
    (at 108.5 144 270)
    (descr "Capacitor SMD 0603, reflow soldering, AVX (see smccp.pdf)")
    (tags "capacitor 0603")
    (path /601CD13F)
    (attr smd)
    (fp_text reference C5 (at 0 -1.9 90) (layer F.SilkS)
      (effects (font (size 1 1) (thickness 0.15)))
    )
    (fp_text value "91 pF" (at 0 1.9 90) (layer F.Fab)
      (effects (font (size 1 1) (thickness 0.15)))
    )
    (fp_line (start 0.35 0.6) (end -0.35 0.6) (layer F.SilkS) (width 0.15))
    (fp_line (start -0.35 -0.6) (end 0.35 -0.6) (layer F.SilkS) (width 0.15))
    (fp_line (start 1.45 -0.75) (end 1.45 0.75) (layer F.CrtYd) (width 0.05))
    (fp_line (start -1.45 -0.75) (end -1.45 0.75) (layer F.CrtYd) (width 0.05))
    (fp_line (start -1.45 0.75) (end 1.45 0.75) (layer F.CrtYd) (width 0.05))
    (fp_line (start -1.45 -0.75) (end 1.45 -0.75) (layer F.CrtYd) (width 0.05))
    (pad 1 smd rect (at -0.75 0 270) (size 0.8 0.75) (layers F.Cu F.Paste F.Mask)
      (net 2 GND))
    (pad 2 smd rect (at 0.75 0 270) (size 0.8 0.75) (layers F.Cu F.Paste F.Mask)
      (net 6 "Net-(C5-Pad2)"))
    (model capacitors.3dshapes/C_0603.wrl
      (at (xyz 0 0 0))
      (scale (xyz 1 1 1))
      (rotate (xyz 0 0 0))
    )
  )

  (module capacitors:C_0603 (layer F.Cu) (tedit 5415D631) (tstamp 611D93ED)
    (at 120 141.5 90)
    (descr "Capacitor SMD 0603, reflow soldering, AVX (see smccp.pdf)")
    (tags "capacitor 0603")
    (path /601CD151)
    (attr smd)
    (fp_text reference C6 (at 3 0 90) (layer F.SilkS)
      (effects (font (size 1 1) (thickness 0.15)))
    )
    (fp_text value "130 pF" (at 0 1.9 90) (layer F.Fab)
      (effects (font (size 1 1) (thickness 0.15)))
    )
    (fp_line (start 0.35 0.6) (end -0.35 0.6) (layer F.SilkS) (width 0.15))
    (fp_line (start -0.35 -0.6) (end 0.35 -0.6) (layer F.SilkS) (width 0.15))
    (fp_line (start 1.45 -0.75) (end 1.45 0.75) (layer F.CrtYd) (width 0.05))
    (fp_line (start -1.45 -0.75) (end -1.45 0.75) (layer F.CrtYd) (width 0.05))
    (fp_line (start -1.45 0.75) (end 1.45 0.75) (layer F.CrtYd) (width 0.05))
    (fp_line (start -1.45 -0.75) (end 1.45 -0.75) (layer F.CrtYd) (width 0.05))
    (pad 1 smd rect (at -0.75 0 90) (size 0.8 0.75) (layers F.Cu F.Paste F.Mask)
      (net 2 GND))
    (pad 2 smd rect (at 0.75 0 90) (size 0.8 0.75) (layers F.Cu F.Paste F.Mask)
      (net 7 "Net-(C6-Pad2)"))
    (model capacitors.3dshapes/C_0603.wrl
      (at (xyz 0 0 0))
      (scale (xyz 1 1 1))
      (rotate (xyz 0 0 0))
    )
  )

  (module capacitors:C_0603 (layer F.Cu) (tedit 5415D631) (tstamp 611D93F9)
    (at 130 141 90)
    (descr "Capacitor SMD 0603, reflow soldering, AVX (see smccp.pdf)")
    (tags "capacitor 0603")
    (path /601CD163)
    (attr smd)
    (fp_text reference C7 (at 3 0 90) (layer F.SilkS)
      (effects (font (size 1 1) (thickness 0.15)))
    )
    (fp_text value "130 pF" (at 0 1.9 90) (layer F.Fab)
      (effects (font (size 1 1) (thickness 0.15)))
    )
    (fp_line (start -1.45 -0.75) (end 1.45 -0.75) (layer F.CrtYd) (width 0.05))
    (fp_line (start -1.45 0.75) (end 1.45 0.75) (layer F.CrtYd) (width 0.05))
    (fp_line (start -1.45 -0.75) (end -1.45 0.75) (layer F.CrtYd) (width 0.05))
    (fp_line (start 1.45 -0.75) (end 1.45 0.75) (layer F.CrtYd) (width 0.05))
    (fp_line (start -0.35 -0.6) (end 0.35 -0.6) (layer F.SilkS) (width 0.15))
    (fp_line (start 0.35 0.6) (end -0.35 0.6) (layer F.SilkS) (width 0.15))
    (pad 2 smd rect (at 0.75 0 90) (size 0.8 0.75) (layers F.Cu F.Paste F.Mask)
      (net 8 "Net-(C7-Pad2)"))
    (pad 1 smd rect (at -0.75 0 90) (size 0.8 0.75) (layers F.Cu F.Paste F.Mask)
      (net 2 GND))
    (model capacitors.3dshapes/C_0603.wrl
      (at (xyz 0 0 0))
      (scale (xyz 1 1 1))
      (rotate (xyz 0 0 0))
    )
  )

  (module capacitors:C_0603 (layer F.Cu) (tedit 5415D631) (tstamp 611D9405)
    (at 141.5 144 270)
    (descr "Capacitor SMD 0603, reflow soldering, AVX (see smccp.pdf)")
    (tags "capacitor 0603")
    (path /601CD175)
    (attr smd)
    (fp_text reference C8 (at 0 2 90) (layer F.SilkS)
      (effects (font (size 1 1) (thickness 0.15)))
    )
    (fp_text value "91 pF" (at 0 1.9 90) (layer F.Fab)
      (effects (font (size 1 1) (thickness 0.15)))
    )
    (fp_line (start -1.45 -0.75) (end 1.45 -0.75) (layer F.CrtYd) (width 0.05))
    (fp_line (start -1.45 0.75) (end 1.45 0.75) (layer F.CrtYd) (width 0.05))
    (fp_line (start -1.45 -0.75) (end -1.45 0.75) (layer F.CrtYd) (width 0.05))
    (fp_line (start 1.45 -0.75) (end 1.45 0.75) (layer F.CrtYd) (width 0.05))
    (fp_line (start -0.35 -0.6) (end 0.35 -0.6) (layer F.SilkS) (width 0.15))
    (fp_line (start 0.35 0.6) (end -0.35 0.6) (layer F.SilkS) (width 0.15))
    (pad 2 smd rect (at 0.75 0 270) (size 0.8 0.75) (layers F.Cu F.Paste F.Mask)
      (net 9 "Net-(C8-Pad2)"))
    (pad 1 smd rect (at -0.75 0 270) (size 0.8 0.75) (layers F.Cu F.Paste F.Mask)
      (net 2 GND))
    (model capacitors.3dshapes/C_0603.wrl
      (at (xyz 0 0 0))
      (scale (xyz 1 1 1))
      (rotate (xyz 0 0 0))
    )
  )

  (module capacitors:C_0603 (layer F.Cu) (tedit 5415D631) (tstamp 611D9411)
    (at 108.5 156 90)
    (descr "Capacitor SMD 0603, reflow soldering, AVX (see smccp.pdf)")
    (tags "capacitor 0603")
    (path /61213CD9)
    (attr smd)
    (fp_text reference C9 (at 3 0 90) (layer F.SilkS)
      (effects (font (size 1 1) (thickness 0.15)))
    )
    (fp_text value "200 pF" (at 0 1.9 90) (layer F.Fab)
      (effects (font (size 1 1) (thickness 0.15)))
    )
    (fp_line (start 0.35 0.6) (end -0.35 0.6) (layer F.SilkS) (width 0.15))
    (fp_line (start -0.35 -0.6) (end 0.35 -0.6) (layer F.SilkS) (width 0.15))
    (fp_line (start 1.45 -0.75) (end 1.45 0.75) (layer F.CrtYd) (width 0.05))
    (fp_line (start -1.45 -0.75) (end -1.45 0.75) (layer F.CrtYd) (width 0.05))
    (fp_line (start -1.45 0.75) (end 1.45 0.75) (layer F.CrtYd) (width 0.05))
    (fp_line (start -1.45 -0.75) (end 1.45 -0.75) (layer F.CrtYd) (width 0.05))
    (pad 1 smd rect (at -0.75 0 90) (size 0.8 0.75) (layers F.Cu F.Paste F.Mask)
      (net 2 GND))
    (pad 2 smd rect (at 0.75 0 90) (size 0.8 0.75) (layers F.Cu F.Paste F.Mask)
      (net 10 "Net-(C9-Pad2)"))
    (model capacitors.3dshapes/C_0603.wrl
      (at (xyz 0 0 0))
      (scale (xyz 1 1 1))
      (rotate (xyz 0 0 0))
    )
  )

  (module capacitors:C_0603 (layer F.Cu) (tedit 5415D631) (tstamp 611D941D)
    (at 122 165.5 180)
    (descr "Capacitor SMD 0603, reflow soldering, AVX (see smccp.pdf)")
    (tags "capacitor 0603")
    (path /61213F39)
    (attr smd)
    (fp_text reference C10 (at 0 -1.9) (layer F.SilkS)
      (effects (font (size 1 1) (thickness 0.15)))
    )
    (fp_text value "270 pF" (at 0 1.9) (layer F.Fab)
      (effects (font (size 1 1) (thickness 0.15)))
    )
    (fp_line (start -1.45 -0.75) (end 1.45 -0.75) (layer F.CrtYd) (width 0.05))
    (fp_line (start -1.45 0.75) (end 1.45 0.75) (layer F.CrtYd) (width 0.05))
    (fp_line (start -1.45 -0.75) (end -1.45 0.75) (layer F.CrtYd) (width 0.05))
    (fp_line (start 1.45 -0.75) (end 1.45 0.75) (layer F.CrtYd) (width 0.05))
    (fp_line (start -0.35 -0.6) (end 0.35 -0.6) (layer F.SilkS) (width 0.15))
    (fp_line (start 0.35 0.6) (end -0.35 0.6) (layer F.SilkS) (width 0.15))
    (pad 2 smd rect (at 0.75 0 180) (size 0.8 0.75) (layers F.Cu F.Paste F.Mask)
      (net 11 "Net-(C10-Pad2)"))
    (pad 1 smd rect (at -0.75 0 180) (size 0.8 0.75) (layers F.Cu F.Paste F.Mask)
      (net 2 GND))
    (model capacitors.3dshapes/C_0603.wrl
      (at (xyz 0 0 0))
      (scale (xyz 1 1 1))
      (rotate (xyz 0 0 0))
    )
  )

  (module capacitors:C_0603 (layer F.Cu) (tedit 5415D631) (tstamp 611D9429)
    (at 128.5 154.5)
    (descr "Capacitor SMD 0603, reflow soldering, AVX (see smccp.pdf)")
    (tags "capacitor 0603")
    (path /61213F57)
    (attr smd)
    (fp_text reference C11 (at 0 -1.9) (layer F.SilkS)
      (effects (font (size 1 1) (thickness 0.15)))
    )
    (fp_text value "270 pF" (at 0 1.9) (layer F.Fab)
      (effects (font (size 1 1) (thickness 0.15)))
    )
    (fp_line (start 0.35 0.6) (end -0.35 0.6) (layer F.SilkS) (width 0.15))
    (fp_line (start -0.35 -0.6) (end 0.35 -0.6) (layer F.SilkS) (width 0.15))
    (fp_line (start 1.45 -0.75) (end 1.45 0.75) (layer F.CrtYd) (width 0.05))
    (fp_line (start -1.45 -0.75) (end -1.45 0.75) (layer F.CrtYd) (width 0.05))
    (fp_line (start -1.45 0.75) (end 1.45 0.75) (layer F.CrtYd) (width 0.05))
    (fp_line (start -1.45 -0.75) (end 1.45 -0.75) (layer F.CrtYd) (width 0.05))
    (pad 1 smd rect (at -0.75 0) (size 0.8 0.75) (layers F.Cu F.Paste F.Mask)
      (net 2 GND))
    (pad 2 smd rect (at 0.75 0) (size 0.8 0.75) (layers F.Cu F.Paste F.Mask)
      (net 12 "Net-(C11-Pad2)"))
    (model capacitors.3dshapes/C_0603.wrl
      (at (xyz 0 0 0))
      (scale (xyz 1 1 1))
      (rotate (xyz 0 0 0))
    )
  )

  (module capacitors:C_0603 (layer F.Cu) (tedit 5415D631) (tstamp 611DC384)
    (at 141.5 163.5 270)
    (descr "Capacitor SMD 0603, reflow soldering, AVX (see smccp.pdf)")
    (tags "capacitor 0603")
    (path /61213F75)
    (attr smd)
    (fp_text reference C12 (at 3.5 0 90) (layer F.SilkS)
      (effects (font (size 1 1) (thickness 0.15)))
    )
    (fp_text value "200 pF" (at 0 1.9 90) (layer F.Fab)
      (effects (font (size 1 1) (thickness 0.15)))
    )
    (fp_line (start 0.35 0.6) (end -0.35 0.6) (layer F.SilkS) (width 0.15))
    (fp_line (start -0.35 -0.6) (end 0.35 -0.6) (layer F.SilkS) (width 0.15))
    (fp_line (start 1.45 -0.75) (end 1.45 0.75) (layer F.CrtYd) (width 0.05))
    (fp_line (start -1.45 -0.75) (end -1.45 0.75) (layer F.CrtYd) (width 0.05))
    (fp_line (start -1.45 0.75) (end 1.45 0.75) (layer F.CrtYd) (width 0.05))
    (fp_line (start -1.45 -0.75) (end 1.45 -0.75) (layer F.CrtYd) (width 0.05))
    (pad 1 smd rect (at -0.75 0 270) (size 0.8 0.75) (layers F.Cu F.Paste F.Mask)
      (net 2 GND))
    (pad 2 smd rect (at 0.75 0 270) (size 0.8 0.75) (layers F.Cu F.Paste F.Mask)
      (net 13 "Net-(C12-Pad2)"))
    (model capacitors.3dshapes/C_0603.wrl
      (at (xyz 0 0 0))
      (scale (xyz 1 1 1))
      (rotate (xyz 0 0 0))
    )
  )

  (module CON_wuerth:WR-SMA-PCB (layer F.Cu) (tedit 5BA2BA03) (tstamp 611DBC20)
    (at 100 135 270)
    (path /611FF3A8)
    (fp_text reference CN1 (at 0 -6.5 90) (layer F.SilkS)
      (effects (font (size 1 1) (thickness 0.15)))
    )
    (fp_text value "CON-SMA-EDGE-S-ND " (at 0 -0.5 90) (layer F.Fab)
      (effects (font (size 1 1) (thickness 0.15)))
    )
    (fp_line (start -4.8 1.3) (end -4.8 -5.4) (layer F.SilkS) (width 0.15))
    (fp_line (start 4.8 1.3) (end -4.8 1.3) (layer F.SilkS) (width 0.15))
    (fp_line (start 4.8 -5.4) (end 4.8 1.3) (layer F.SilkS) (width 0.15))
    (fp_line (start -4.8 -5.4) (end 4.8 -5.4) (layer F.SilkS) (width 0.15))
    (fp_line (start -5.5 0) (end 5.5 0) (layer F.SilkS) (width 0.15))
    (fp_line (start 3.2 8.9) (end 3.2 1.3) (layer F.SilkS) (width 0.15))
    (fp_line (start -3.2 8.9) (end 3.2 8.9) (layer F.SilkS) (width 0.15))
    (fp_line (start -3.2 1.3) (end -3.2 8.9) (layer F.SilkS) (width 0.15))
    (pad 3 smd rect (at 4.125 -2.8 270) (size 1.65 5.6) (layers F.Cu F.Paste F.Mask)
      (net 2 GND))
    (pad 4 smd rect (at -4.125 -2.8 270) (size 1.65 5.6) (layers B.Cu B.Paste B.Mask)
      (net 2 GND))
    (pad 5 smd rect (at 4.125 -2.8 270) (size 1.65 5.6) (layers B.Cu B.Paste B.Mask)
      (net 2 GND))
    (pad 2 smd rect (at -4.125 -2.8 270) (size 1.65 5.6) (layers F.Cu F.Paste F.Mask)
      (net 2 GND))
    (pad 1 smd rect (at 0 -2.8 270) (size 0.9 5.6) (layers F.Cu F.Paste F.Mask)
      (net 1 "Net-(C1-Pad2)"))
    (model "${KISYS3DMOD}/CON_wuerth/60312202114509 (rev1).STEP"
      (offset (xyz 0 -9 0.5))
      (scale (xyz 1 1 1))
      (rotate (xyz 90 -180 90))
    )
  )

  (module CON_wuerth:WR-SMA-PCB (layer F.Cu) (tedit 5BA2BA03) (tstamp 611D9457)
    (at 150 125 90)
    (path /601CD10D)
    (fp_text reference CN2 (at 0 -6.5 90) (layer F.SilkS)
      (effects (font (size 1 1) (thickness 0.15)))
    )
    (fp_text value "CON-SMA-EDGE-S-ND " (at 0 -0.5 90) (layer F.Fab)
      (effects (font (size 1 1) (thickness 0.15)))
    )
    (fp_line (start -3.2 1.3) (end -3.2 8.9) (layer F.SilkS) (width 0.15))
    (fp_line (start -3.2 8.9) (end 3.2 8.9) (layer F.SilkS) (width 0.15))
    (fp_line (start 3.2 8.9) (end 3.2 1.3) (layer F.SilkS) (width 0.15))
    (fp_line (start -5.5 0) (end 5.5 0) (layer F.SilkS) (width 0.15))
    (fp_line (start -4.8 -5.4) (end 4.8 -5.4) (layer F.SilkS) (width 0.15))
    (fp_line (start 4.8 -5.4) (end 4.8 1.3) (layer F.SilkS) (width 0.15))
    (fp_line (start 4.8 1.3) (end -4.8 1.3) (layer F.SilkS) (width 0.15))
    (fp_line (start -4.8 1.3) (end -4.8 -5.4) (layer F.SilkS) (width 0.15))
    (pad 1 smd rect (at 0 -2.8 90) (size 0.9 5.6) (layers F.Cu F.Paste F.Mask)
      (net 5 "Net-(C4-Pad2)"))
    (pad 2 smd rect (at -4.125 -2.8 90) (size 1.65 5.6) (layers F.Cu F.Paste F.Mask)
      (net 2 GND))
    (pad 5 smd rect (at 4.125 -2.8 90) (size 1.65 5.6) (layers B.Cu B.Paste B.Mask)
      (net 2 GND))
    (pad 4 smd rect (at -4.125 -2.8 90) (size 1.65 5.6) (layers B.Cu B.Paste B.Mask)
      (net 2 GND))
    (pad 3 smd rect (at 4.125 -2.8 90) (size 1.65 5.6) (layers F.Cu F.Paste F.Mask)
      (net 2 GND))
    (model "${KISYS3DMOD}/CON_wuerth/60312202114509 (rev1).STEP"
      (offset (xyz 0 -9 0.5))
      (scale (xyz 1 1 1))
      (rotate (xyz 90 -180 90))
    )
  )

  (module CON_wuerth:WR-SMA-PCB (layer F.Cu) (tedit 5BA2BA03) (tstamp 611D9468)
    (at 100 145 270)
    (path /6120D1A9)
    (fp_text reference CN3 (at 0 -6.5 90) (layer F.SilkS)
      (effects (font (size 1 1) (thickness 0.15)))
    )
    (fp_text value "CON-SMA-EDGE-S-ND " (at 0 -0.5 90) (layer F.Fab)
      (effects (font (size 1 1) (thickness 0.15)))
    )
    (fp_line (start -3.2 1.3) (end -3.2 8.9) (layer F.SilkS) (width 0.15))
    (fp_line (start -3.2 8.9) (end 3.2 8.9) (layer F.SilkS) (width 0.15))
    (fp_line (start 3.2 8.9) (end 3.2 1.3) (layer F.SilkS) (width 0.15))
    (fp_line (start -5.5 0) (end 5.5 0) (layer F.SilkS) (width 0.15))
    (fp_line (start -4.8 -5.4) (end 4.8 -5.4) (layer F.SilkS) (width 0.15))
    (fp_line (start 4.8 -5.4) (end 4.8 1.3) (layer F.SilkS) (width 0.15))
    (fp_line (start 4.8 1.3) (end -4.8 1.3) (layer F.SilkS) (width 0.15))
    (fp_line (start -4.8 1.3) (end -4.8 -5.4) (layer F.SilkS) (width 0.15))
    (pad 1 smd rect (at 0 -2.8 270) (size 0.9 5.6) (layers F.Cu F.Paste F.Mask)
      (net 6 "Net-(C5-Pad2)"))
    (pad 2 smd rect (at -4.125 -2.8 270) (size 1.65 5.6) (layers F.Cu F.Paste F.Mask)
      (net 2 GND))
    (pad 5 smd rect (at 4.125 -2.8 270) (size 1.65 5.6) (layers B.Cu B.Paste B.Mask)
      (net 2 GND))
    (pad 4 smd rect (at -4.125 -2.8 270) (size 1.65 5.6) (layers B.Cu B.Paste B.Mask)
      (net 2 GND))
    (pad 3 smd rect (at 4.125 -2.8 270) (size 1.65 5.6) (layers F.Cu F.Paste F.Mask)
      (net 2 GND))
    (model "${KISYS3DMOD}/CON_wuerth/60312202114509 (rev1).STEP"
      (offset (xyz 0 -9 0.5))
      (scale (xyz 1 1 1))
      (rotate (xyz 90 -180 90))
    )
  )

  (module CON_wuerth:WR-SMA-PCB (layer F.Cu) (tedit 5BA2BA03) (tstamp 611DC20B)
    (at 150 145 90)
    (path /601CD181)
    (fp_text reference CN4 (at 0 -6.5 90) (layer F.SilkS)
      (effects (font (size 1 1) (thickness 0.15)))
    )
    (fp_text value "CON-SMA-EDGE-S-ND " (at 0 -0.5 90) (layer F.Fab)
      (effects (font (size 1 1) (thickness 0.15)))
    )
    (fp_line (start -4.8 1.3) (end -4.8 -5.4) (layer F.SilkS) (width 0.15))
    (fp_line (start 4.8 1.3) (end -4.8 1.3) (layer F.SilkS) (width 0.15))
    (fp_line (start 4.8 -5.4) (end 4.8 1.3) (layer F.SilkS) (width 0.15))
    (fp_line (start -4.8 -5.4) (end 4.8 -5.4) (layer F.SilkS) (width 0.15))
    (fp_line (start -5.5 0) (end 5.5 0) (layer F.SilkS) (width 0.15))
    (fp_line (start 3.2 8.9) (end 3.2 1.3) (layer F.SilkS) (width 0.15))
    (fp_line (start -3.2 8.9) (end 3.2 8.9) (layer F.SilkS) (width 0.15))
    (fp_line (start -3.2 1.3) (end -3.2 8.9) (layer F.SilkS) (width 0.15))
    (pad 3 smd rect (at 4.125 -2.8 90) (size 1.65 5.6) (layers F.Cu F.Paste F.Mask)
      (net 2 GND))
    (pad 4 smd rect (at -4.125 -2.8 90) (size 1.65 5.6) (layers B.Cu B.Paste B.Mask)
      (net 2 GND))
    (pad 5 smd rect (at 4.125 -2.8 90) (size 1.65 5.6) (layers B.Cu B.Paste B.Mask)
      (net 2 GND))
    (pad 2 smd rect (at -4.125 -2.8 90) (size 1.65 5.6) (layers F.Cu F.Paste F.Mask)
      (net 2 GND))
    (pad 1 smd rect (at 0 -2.8 90) (size 0.9 5.6) (layers F.Cu F.Paste F.Mask)
      (net 9 "Net-(C8-Pad2)"))
    (model "${KISYS3DMOD}/CON_wuerth/60312202114509 (rev1).STEP"
      (offset (xyz 0 -9 0.5))
      (scale (xyz 1 1 1))
      (rotate (xyz 90 -180 90))
    )
  )

  (module CON_wuerth:WR-SMA-PCB (layer F.Cu) (tedit 5BA2BA03) (tstamp 611DBB1C)
    (at 100 155 270)
    (path /61213FD3)
    (fp_text reference CN5 (at 0 -6.5 90) (layer F.SilkS)
      (effects (font (size 1 1) (thickness 0.15)))
    )
    (fp_text value "CON-SMA-EDGE-S-ND " (at 0 -0.5 90) (layer F.Fab)
      (effects (font (size 1 1) (thickness 0.15)))
    )
    (fp_line (start -3.2 1.3) (end -3.2 8.9) (layer F.SilkS) (width 0.15))
    (fp_line (start -3.2 8.9) (end 3.2 8.9) (layer F.SilkS) (width 0.15))
    (fp_line (start 3.2 8.9) (end 3.2 1.3) (layer F.SilkS) (width 0.15))
    (fp_line (start -5.5 0) (end 5.5 0) (layer F.SilkS) (width 0.15))
    (fp_line (start -4.8 -5.4) (end 4.8 -5.4) (layer F.SilkS) (width 0.15))
    (fp_line (start 4.8 -5.4) (end 4.8 1.3) (layer F.SilkS) (width 0.15))
    (fp_line (start 4.8 1.3) (end -4.8 1.3) (layer F.SilkS) (width 0.15))
    (fp_line (start -4.8 1.3) (end -4.8 -5.4) (layer F.SilkS) (width 0.15))
    (pad 1 smd rect (at 0 -2.8 270) (size 0.9 5.6) (layers F.Cu F.Paste F.Mask)
      (net 10 "Net-(C9-Pad2)"))
    (pad 2 smd rect (at -4.125 -2.8 270) (size 1.65 5.6) (layers F.Cu F.Paste F.Mask)
      (net 2 GND))
    (pad 5 smd rect (at 4.125 -2.8 270) (size 1.65 5.6) (layers B.Cu B.Paste B.Mask)
      (net 2 GND))
    (pad 4 smd rect (at -4.125 -2.8 270) (size 1.65 5.6) (layers B.Cu B.Paste B.Mask)
      (net 2 GND))
    (pad 3 smd rect (at 4.125 -2.8 270) (size 1.65 5.6) (layers F.Cu F.Paste F.Mask)
      (net 2 GND))
    (model "${KISYS3DMOD}/CON_wuerth/60312202114509 (rev1).STEP"
      (offset (xyz 0 -9 0.5))
      (scale (xyz 1 1 1))
      (rotate (xyz 90 -180 90))
    )
  )

  (module CON_wuerth:WR-SMA-PCB (layer F.Cu) (tedit 5BA2BA03) (tstamp 611D949B)
    (at 150 165 90)
    (path /61213F89)
    (fp_text reference CN6 (at 0 -6.5 90) (layer F.SilkS)
      (effects (font (size 1 1) (thickness 0.15)))
    )
    (fp_text value "CON-SMA-EDGE-S-ND " (at 0 -0.5 90) (layer F.Fab)
      (effects (font (size 1 1) (thickness 0.15)))
    )
    (fp_line (start -4.8 1.3) (end -4.8 -5.4) (layer F.SilkS) (width 0.15))
    (fp_line (start 4.8 1.3) (end -4.8 1.3) (layer F.SilkS) (width 0.15))
    (fp_line (start 4.8 -5.4) (end 4.8 1.3) (layer F.SilkS) (width 0.15))
    (fp_line (start -4.8 -5.4) (end 4.8 -5.4) (layer F.SilkS) (width 0.15))
    (fp_line (start -5.5 0) (end 5.5 0) (layer F.SilkS) (width 0.15))
    (fp_line (start 3.2 8.9) (end 3.2 1.3) (layer F.SilkS) (width 0.15))
    (fp_line (start -3.2 8.9) (end 3.2 8.9) (layer F.SilkS) (width 0.15))
    (fp_line (start -3.2 1.3) (end -3.2 8.9) (layer F.SilkS) (width 0.15))
    (pad 3 smd rect (at 4.125 -2.8 90) (size 1.65 5.6) (layers F.Cu F.Paste F.Mask)
      (net 2 GND))
    (pad 4 smd rect (at -4.125 -2.8 90) (size 1.65 5.6) (layers B.Cu B.Paste B.Mask)
      (net 2 GND))
    (pad 5 smd rect (at 4.125 -2.8 90) (size 1.65 5.6) (layers B.Cu B.Paste B.Mask)
      (net 2 GND))
    (pad 2 smd rect (at -4.125 -2.8 90) (size 1.65 5.6) (layers F.Cu F.Paste F.Mask)
      (net 2 GND))
    (pad 1 smd rect (at 0 -2.8 90) (size 0.9 5.6) (layers F.Cu F.Paste F.Mask)
      (net 13 "Net-(C12-Pad2)"))
    (model "${KISYS3DMOD}/CON_wuerth/60312202114509 (rev1).STEP"
      (offset (xyz 0 -9 0.5))
      (scale (xyz 1 1 1))
      (rotate (xyz 90 -180 90))
    )
  )

  (module L_filter:WE-CAIR_4248 (layer F.Cu) (tedit 601B3E1F) (tstamp 611D94A5)
    (at 114.5 132.5 90)
    (path /601CD0D7)
    (fp_text reference L1 (at 0.7 2.9 90) (layer F.SilkS)
      (effects (font (size 1 1) (thickness 0.15)))
    )
    (fp_text value 744912156 (at -0.2 -2.7 90) (layer F.Fab)
      (effects (font (size 1 1) (thickness 0.15)))
    )
    (fp_line (start -2.2 -1.9) (end 2.2 -1.9) (layer F.SilkS) (width 0.15))
    (fp_line (start 2.2 -1.9) (end 2.2 1.9) (layer F.SilkS) (width 0.15))
    (fp_line (start 2.2 1.9) (end -2.2 1.9) (layer F.SilkS) (width 0.15))
    (fp_line (start -2.2 1.9) (end -2.2 -1.9) (layer F.SilkS) (width 0.15))
    (pad 2 smd roundrect (at 2.165 -1.31 90) (size 1.48 4.4) (layers F.Cu F.Paste F.Mask) (roundrect_rratio 0.5)
      (net 3 "Net-(C2-Pad2)"))
    (pad 1 smd roundrect (at -2.165 1.31 90) (size 1.48 4.4) (layers F.Cu F.Paste F.Mask) (roundrect_rratio 0.5)
      (net 1 "Net-(C1-Pad2)"))
    (model ${KISYS3DMOD}/L_filter/STEP-WE-CAIR-4248-rev1.stp
      (offset (xyz 0 0 1.65))
      (scale (xyz 1 1 1))
      (rotate (xyz 0 90 0))
    )
  )

  (module L_filter:WE-CAIR_4248 (layer F.Cu) (tedit 601B3E1F) (tstamp 611D94AF)
    (at 125 127.5)
    (path /601CD0E9)
    (fp_text reference L2 (at 0.7 2.9) (layer F.SilkS)
      (effects (font (size 1 1) (thickness 0.15)))
    )
    (fp_text value 744912156 (at -0.2 -2.7) (layer F.Fab)
      (effects (font (size 1 1) (thickness 0.15)))
    )
    (fp_line (start -2.2 1.9) (end -2.2 -1.9) (layer F.SilkS) (width 0.15))
    (fp_line (start 2.2 1.9) (end -2.2 1.9) (layer F.SilkS) (width 0.15))
    (fp_line (start 2.2 -1.9) (end 2.2 1.9) (layer F.SilkS) (width 0.15))
    (fp_line (start -2.2 -1.9) (end 2.2 -1.9) (layer F.SilkS) (width 0.15))
    (pad 1 smd roundrect (at -2.165 1.31) (size 1.48 4.4) (layers F.Cu F.Paste F.Mask) (roundrect_rratio 0.5)
      (net 3 "Net-(C2-Pad2)"))
    (pad 2 smd roundrect (at 2.165 -1.31) (size 1.48 4.4) (layers F.Cu F.Paste F.Mask) (roundrect_rratio 0.5)
      (net 4 "Net-(C3-Pad2)"))
    (model ${KISYS3DMOD}/L_filter/STEP-WE-CAIR-4248-rev1.stp
      (offset (xyz 0 0 1.65))
      (scale (xyz 1 1 1))
      (rotate (xyz 0 90 0))
    )
  )

  (module L_filter:WE-CAIR_4248 (layer F.Cu) (tedit 601B3E1F) (tstamp 611D94B9)
    (at 135.5 127 90)
    (path /601CD0FB)
    (fp_text reference L3 (at 0.7 2.9 90) (layer F.SilkS)
      (effects (font (size 1 1) (thickness 0.15)))
    )
    (fp_text value 744912156 (at -0.2 -2.7 90) (layer F.Fab)
      (effects (font (size 1 1) (thickness 0.15)))
    )
    (fp_line (start -2.2 -1.9) (end 2.2 -1.9) (layer F.SilkS) (width 0.15))
    (fp_line (start 2.2 -1.9) (end 2.2 1.9) (layer F.SilkS) (width 0.15))
    (fp_line (start 2.2 1.9) (end -2.2 1.9) (layer F.SilkS) (width 0.15))
    (fp_line (start -2.2 1.9) (end -2.2 -1.9) (layer F.SilkS) (width 0.15))
    (pad 2 smd roundrect (at 2.165 -1.31 90) (size 1.48 4.4) (layers F.Cu F.Paste F.Mask) (roundrect_rratio 0.5)
      (net 5 "Net-(C4-Pad2)"))
    (pad 1 smd roundrect (at -2.165 1.31 90) (size 1.48 4.4) (layers F.Cu F.Paste F.Mask) (roundrect_rratio 0.5)
      (net 4 "Net-(C3-Pad2)"))
    (model ${KISYS3DMOD}/L_filter/STEP-WE-CAIR-4248-rev1.stp
      (offset (xyz 0 0 1.65))
      (scale (xyz 1 1 1))
      (rotate (xyz 0 90 0))
    )
  )

  (module L_filter:WE-CAIR_4248 (layer F.Cu) (tedit 601B3E1F) (tstamp 611DC41E)
    (at 114.5 142.5 90)
    (path /601CD14B)
    (fp_text reference L4 (at 0.7 2.9 90) (layer F.SilkS)
      (effects (font (size 1 1) (thickness 0.15)))
    )
    (fp_text value 744912212 (at -0.2 -2.7 90) (layer F.Fab)
      (effects (font (size 1 1) (thickness 0.15)))
    )
    (fp_line (start -2.2 1.9) (end -2.2 -1.9) (layer F.SilkS) (width 0.15))
    (fp_line (start 2.2 1.9) (end -2.2 1.9) (layer F.SilkS) (width 0.15))
    (fp_line (start 2.2 -1.9) (end 2.2 1.9) (layer F.SilkS) (width 0.15))
    (fp_line (start -2.2 -1.9) (end 2.2 -1.9) (layer F.SilkS) (width 0.15))
    (pad 1 smd roundrect (at -2.165 1.31 90) (size 1.48 4.4) (layers F.Cu F.Paste F.Mask) (roundrect_rratio 0.5)
      (net 6 "Net-(C5-Pad2)"))
    (pad 2 smd roundrect (at 2.165 -1.31 90) (size 1.48 4.4) (layers F.Cu F.Paste F.Mask) (roundrect_rratio 0.5)
      (net 7 "Net-(C6-Pad2)"))
    (model ${KISYS3DMOD}/L_filter/STEP-WE-CAIR-4248-rev1.stp
      (offset (xyz 0 0 1.65))
      (scale (xyz 1 1 1))
      (rotate (xyz 0 90 0))
    )
  )

  (module L_filter:WE-CAIR_4248 (layer F.Cu) (tedit 601B3E1F) (tstamp 611D94CD)
    (at 125 142.5)
    (path /601CD15D)
    (fp_text reference L5 (at 0.7 2.9) (layer F.SilkS)
      (effects (font (size 1 1) (thickness 0.15)))
    )
    (fp_text value 744912212 (at -0.2 -2.7) (layer F.Fab)
      (effects (font (size 1 1) (thickness 0.15)))
    )
    (fp_line (start -2.2 -1.9) (end 2.2 -1.9) (layer F.SilkS) (width 0.15))
    (fp_line (start 2.2 -1.9) (end 2.2 1.9) (layer F.SilkS) (width 0.15))
    (fp_line (start 2.2 1.9) (end -2.2 1.9) (layer F.SilkS) (width 0.15))
    (fp_line (start -2.2 1.9) (end -2.2 -1.9) (layer F.SilkS) (width 0.15))
    (pad 2 smd roundrect (at 2.165 -1.31) (size 1.48 4.4) (layers F.Cu F.Paste F.Mask) (roundrect_rratio 0.5)
      (net 8 "Net-(C7-Pad2)"))
    (pad 1 smd roundrect (at -2.165 1.31) (size 1.48 4.4) (layers F.Cu F.Paste F.Mask) (roundrect_rratio 0.5)
      (net 7 "Net-(C6-Pad2)"))
    (model ${KISYS3DMOD}/L_filter/STEP-WE-CAIR-4248-rev1.stp
      (offset (xyz 0 0 1.65))
      (scale (xyz 1 1 1))
      (rotate (xyz 0 90 0))
    )
  )

  (module L_filter:WE-CAIR_4248 (layer F.Cu) (tedit 601B3E1F) (tstamp 611D94D7)
    (at 135.5 142.5 270)
    (path /601CD16F)
    (fp_text reference L6 (at 0.7 2.9 90) (layer F.SilkS)
      (effects (font (size 1 1) (thickness 0.15)))
    )
    (fp_text value 744912212 (at -0.2 -2.7 90) (layer F.Fab)
      (effects (font (size 1 1) (thickness 0.15)))
    )
    (fp_line (start -2.2 1.9) (end -2.2 -1.9) (layer F.SilkS) (width 0.15))
    (fp_line (start 2.2 1.9) (end -2.2 1.9) (layer F.SilkS) (width 0.15))
    (fp_line (start 2.2 -1.9) (end 2.2 1.9) (layer F.SilkS) (width 0.15))
    (fp_line (start -2.2 -1.9) (end 2.2 -1.9) (layer F.SilkS) (width 0.15))
    (pad 1 smd roundrect (at -2.165 1.31 270) (size 1.48 4.4) (layers F.Cu F.Paste F.Mask) (roundrect_rratio 0.5)
      (net 8 "Net-(C7-Pad2)"))
    (pad 2 smd roundrect (at 2.165 -1.31 270) (size 1.48 4.4) (layers F.Cu F.Paste F.Mask) (roundrect_rratio 0.5)
      (net 9 "Net-(C8-Pad2)"))
    (model ${KISYS3DMOD}/L_filter/STEP-WE-CAIR-4248-rev1.stp
      (offset (xyz 0 0 1.65))
      (scale (xyz 1 1 1))
      (rotate (xyz 0 90 0))
    )
  )

  (module labels:Top (layer F.Cu) (tedit 0) (tstamp 611D94FC)
    (at 102.5 121.5)
    (descr "Top Label")
    (tags "Label Top")
    (path /5FC02E86)
    (fp_text reference L10 (at 0 1.8415) (layer F.SilkS) hide
      (effects (font (size 1.524 1.524) (thickness 0.3)))
    )
    (fp_text value Label (at 0 -1.778) (layer F.SilkS) hide
      (effects (font (size 1.524 1.524) (thickness 0.3)))
    )
    (fp_poly (pts (xy 1.184742 -0.619251) (xy 1.208114 -0.619246) (xy 1.229712 -0.619238) (xy 1.249622 -0.619225)
      (xy 1.26793 -0.619206) (xy 1.284722 -0.61918) (xy 1.300084 -0.619146) (xy 1.314102 -0.619101)
      (xy 1.326862 -0.619046) (xy 1.33845 -0.618979) (xy 1.348952 -0.618899) (xy 1.358454 -0.618805)
      (xy 1.367042 -0.618695) (xy 1.374802 -0.618569) (xy 1.38182 -0.618425) (xy 1.388182 -0.618261)
      (xy 1.393974 -0.618078) (xy 1.399281 -0.617873) (xy 1.404191 -0.617646) (xy 1.408789 -0.617395)
      (xy 1.413161 -0.61712) (xy 1.417393 -0.616818) (xy 1.421571 -0.616489) (xy 1.42578 -0.616132)
      (xy 1.430108 -0.615745) (xy 1.43464 -0.615327) (xy 1.437132 -0.615095) (xy 1.471749 -0.611207)
      (xy 1.504946 -0.606138) (xy 1.53668 -0.599899) (xy 1.566911 -0.5925) (xy 1.595595 -0.583954)
      (xy 1.622692 -0.574271) (xy 1.648159 -0.563462) (xy 1.667099 -0.554134) (xy 1.690604 -0.540755)
      (xy 1.712462 -0.526186) (xy 1.732674 -0.510425) (xy 1.751241 -0.493472) (xy 1.768164 -0.475325)
      (xy 1.783443 -0.455984) (xy 1.797078 -0.435448) (xy 1.809071 -0.413715) (xy 1.819422 -0.390786)
      (xy 1.828131 -0.366658) (xy 1.8352 -0.341331) (xy 1.840429 -0.315976) (xy 1.843815 -0.292106)
      (xy 1.845971 -0.26704) (xy 1.846891 -0.241206) (xy 1.846567 -0.215033) (xy 1.844992 -0.188949)
      (xy 1.842918 -0.169164) (xy 1.838481 -0.140823) (xy 1.832422 -0.113702) (xy 1.824743 -0.087806)
      (xy 1.81545 -0.063137) (xy 1.804546 -0.039699) (xy 1.792034 -0.017495) (xy 1.777919 0.003472)
      (xy 1.762204 0.023198) (xy 1.744893 0.041681) (xy 1.725991 0.058917) (xy 1.7055 0.074903)
      (xy 1.683425 0.089636) (xy 1.65977 0.103112) (xy 1.634538 0.115329) (xy 1.607734 0.126283)
      (xy 1.57936 0.13597) (xy 1.549422 0.144389) (xy 1.517922 0.151535) (xy 1.484865 0.157405)
      (xy 1.450255 0.161997) (xy 1.44526 0.16254) (xy 1.439144 0.163184) (xy 1.433509 0.163761)
      (xy 1.428211 0.164275) (xy 1.423111 0.164732) (xy 1.418066 0.165134) (xy 1.412935 0.165486)
      (xy 1.407577 0.165792) (xy 1.401849 0.166056) (xy 1.395611 0.166282) (xy 1.388721 0.166474)
      (xy 1.381038 0.166637) (xy 1.37242 0.166773) (xy 1.362725 0.166889) (xy 1.351813 0.166986)
      (xy 1.339542 0.167071) (xy 1.32577 0.167146) (xy 1.310356 0.167215) (xy 1.293158 0.167284)
      (xy 1.27889 0.167337) (xy 1.159256 0.16778) (xy 1.159256 0.378968) (xy 1.219531 0.378968)
      (xy 1.231969 0.378987) (xy 1.243751 0.379043) (xy 1.25469 0.379132) (xy 1.264596 0.379253)
      (xy 1.273281 0.379401) (xy 1.280557 0.379574) (xy 1.286234 0.37977) (xy 1.290123 0.379985)
      (xy 1.290905 0.380052) (xy 1.307596 0.382347) (xy 1.322626 0.385806) (xy 1.336003 0.390432)
      (xy 1.347733 0.39623) (xy 1.357824 0.403202) (xy 1.366282 0.411351) (xy 1.369436 0.41524)
      (xy 1.3754 0.424226) (xy 1.380226 0.433869) (xy 1.383983 0.444412) (xy 1.386743 0.456098)
      (xy 1.388576 0.469169) (xy 1.389554 0.483868) (xy 1.389563 0.484124) (xy 1.389554 0.501572)
      (xy 1.38821 0.517555) (xy 1.385518 0.532153) (xy 1.381465 0.545445) (xy 1.377708 0.554228)
      (xy 1.371621 0.564882) (xy 1.364313 0.574202) (xy 1.355705 0.582232) (xy 1.345721 0.589018)
      (xy 1.334283 0.594606) (xy 1.321313 0.599041) (xy 1.306734 0.602369) (xy 1.292138 0.604459)
      (xy 1.290062 0.604573) (xy 1.286079 0.60468) (xy 1.28031 0.60478) (xy 1.272874 0.604872)
      (xy 1.263893 0.604957) (xy 1.253489 0.605035) (xy 1.241783 0.605106) (xy 1.228894 0.605169)
      (xy 1.214945 0.605225) (xy 1.200056 0.605274) (xy 1.184349 0.605316) (xy 1.167944 0.605351)
      (xy 1.150963 0.605378) (xy 1.133526 0.605399) (xy 1.115755 0.605412) (xy 1.09777 0.605418)
      (xy 1.079694 0.605417) (xy 1.061645 0.60541) (xy 1.043747 0.605395) (xy 1.026119 0.605373)
      (xy 1.008883 0.605344) (xy 0.99216 0.605308) (xy 0.97607 0.605266) (xy 0.960736 0.605216)
      (xy 0.946277 0.605159) (xy 0.932816 0.605096) (xy 0.920472 0.605026) (xy 0.909367 0.604948)
      (xy 0.899623 0.604864) (xy 0.891359 0.604774) (xy 0.884698 0.604676) (xy 0.879759 0.604572)
      (xy 0.876665 0.604461) (xy 0.875792 0.604396) (xy 0.859446 0.601812) (xy 0.844704 0.597993)
      (xy 0.831545 0.592925) (xy 0.819947 0.586593) (xy 0.809891 0.578983) (xy 0.801355 0.570081)
      (xy 0.794319 0.559872) (xy 0.788761 0.548342) (xy 0.78696 0.543395) (xy 0.783468 0.530635)
      (xy 0.781083 0.516878) (xy 0.779801 0.502531) (xy 0.779615 0.488001) (xy 0.78052 0.473694)
      (xy 0.782512 0.460018) (xy 0.785583 0.447378) (xy 0.788358 0.439401) (xy 0.794411 0.426848)
      (xy 0.801945 0.415669) (xy 0.810911 0.405898) (xy 0.82126 0.397572) (xy 0.832942 0.390726)
      (xy 0.84591 0.385395) (xy 0.860114 0.381615) (xy 0.869999 0.380006) (xy 0.874293 0.379604)
